00000000  00000000  00000000  00000000  00000000  00000000  00000000  00000000  00000000  00000000
00000000  00000000  00000000  00000000  00000000  00000000  00000000  00000000  00000000  00000000
00000000  00000000  00000000  00000000  00000000  00000000  00000000  00000000  00000000  00000000
00000000  00000000  00000000  00000000  00000000  00000000  00000000  00000000  00000000  00000000
00000000  00000000  00000000  00000000  00000000  00000000  00000000  00000000  00000000  00000000
1234567890
00000000  00000000  00000000  00000000  00000000  00000000  00000000  00000000  00000000  00000000
00000000  00000000  00000000  00000000  00000000  00000000  00000000  00000000  00000000  00000000
00000000  00000000  00000000  00000000  00000000  00000000  00000000  00000000  00000000  00000000
00000000  00000000  00000000  00000000  00000000  00000000  00000000  00000000  00000000  00000000
00000000  00000000  00000000  00000000  00000000  00000000  00000000  00000000  00000000  00000000
1234567890
11111111  11111111  11111111  11111111  11111111  11111111  11111111  11111111  11111111  11111111
11111111  11111111  11111111  11111111  11111111  11111111  11111111  11111111  11111111  11111111
11111111  11111111  11111111  11111111  11111111  11111111  11111111  11111111  11111111  11111111
11111111  11111111  11111111  11111111  11111111  11111111  11111111  11111111  11111111  11111111
11111111  11111111  11111111  11111111  11111111  11111111  11111111  11111111  11111111  11111111
1234567890
11111111  11111111  11111111  11111111  11111111  11111111  11111111  11111111  11111111  11111111
11111111  11111111  11111111  11111111  11111111  11111111  11111111  11111111  11111111  11111111
11111111  11111111  11111111  11111111  11111111  11111111  11111111  11111111  11111111  11111111
11111111  11111111  11111111  11111111  11111111  11111111  11111111  11111111  11111111  11111111
11111111  11111111  11111111  11111111  11111111  11111111  11111111  11111111  11111111  11111111
1234567890
22222222  22222222  22222222  22222222  22222222  22222222  22222222  22222222  22222222  22222222
22222222  22222222  22222222  22222222  22222222  22222222  22222222  22222222  22222222  22222222
22222222  22222222  22222222  22222222  22222222  22222222  22222222  22222222  22222222  22222222
22222222  22222222  22222222  22222222  22222222  22222222  22222222  22222222  22222222  22222222
22222222  22222222  22222222  22222222  22222222  22222222  22222222  22222222  22222222  22222222
1234567890
22222222  22222222  22222222  22222222  22222222  22222222  22222222  22222222  22222222  22222222
22222222  22222222  22222222  22222222  22222222  22222222  22222222  22222222  22222222  22222222
22222222  22222222  22222222  22222222  22222222  22222222  22222222  22222222  22222222  22222222
22222222  22222222  22222222  22222222  22222222  22222222  22222222  22222222  22222222  22222222
22222222  22222222  22222222  22222222  22222222  22222222  22222222  22222222  22222222  22222222
1234567890
